"Alcohol" "Color_Intensity" "Hue"
"1" 1.51434076729215 0.251008784141054 0.361158490987518
"2" 0.245596827817025 -0.292496231920451 0.40490846471542
"3" 0.196325218517021 0.26826291163507 0.317408517259617
"4" 1.68679139984216 1.18273166881792 -0.426341036114702
"5" 0.29486843711703 -0.318377423161475 0.361158490987518
"6" 1.47738706031714 0.729810822099999 0.40490846471542
"7" 1.71142720449216 0.0827810410743978 0.273658543531716
"8" 1.30493642776713 -0.00348959639568237 0.448658438443321
"9" 2.25341490679222 0.0612133817068779 0.536158385899123
"10" 1.0585783812671 0.932546820154687 0.229908569803815
"11" 1.35420803706713 0.298457634749598 1.27990793927344
"12" 1.37884384171713 -0.0250572557632023 0.929908149450233
"13" 0.92308145569209 0.233754656647038 0.84240820199443
"14" 2.15487168819221 0.147484019176958 1.27990793927344
"15" 1.69910930216716 1.0533257126128 1.06115807063394
"16" 0.775266627792077 0.967055075142719 1.41115786045715
"17" 1.60056608356715 0.492566569057278 0.492408412171222
"18" 1.0216246742921 0.665107843997438 0.754908254538628
"19" 1.46506915799214 1.57094953743328 1.19240799181764
"20" 0.787584530117077 0.0180780629718376 0.0111587011643089
"21" 1.30493642776713 0.255322316014558 0.579908359627024
"22" -0.0869865349580063 -0.240733849438403 0.317408517259617
"23" 0.873809846392086 -0.542681080583683 0.667408307082827
"24" -0.185529753558016 -0.486605166228131 0.579908359627024
"25" 0.61513389756706 -0.663459973041795 0.711158280810728
"26" 0.0608282929420089 -0.637578781800771 0.754908254538628
"27" 0.479636971992048 -0.111327893233283 -0.163841193747295
"28" 0.368775851067038 -0.477978102481123 0.273658543531716
"29" 1.0708962835921 -0.240733849438403 1.27990793927344
"30" 1.25566481846712 -0.154463211968322 0.361158490987518
"31" 0.898445651042088 0.276889975382078 1.01740809690604
"32" 0.71367711616707 0.794513800202559 0.579908359627024
"33" 0.836856139417081 -0.525426953089667 1.19240799181764
"34" 0.93539935801709 0.147484019176958 1.27990793927344
"35" 0.627451799892061 -0.370139805643523 0.623658333354925
"36" 0.590498092917059 0.0180780629718376 0.361158490987518
"37" 0.344140046417034 -0.197598530703363 0.579908359627024
"38" 0.0608282929420089 -0.348572146276003 0.711158280810728
"39" 0.0854640975920107 -0.585816399318723 0.973658123178134
"40" 1.50202286496714 0.0180780629718376 -0.295091114930999
"41" 0.689041311517068 0.46237184594275 -0.0325912725635923
"42" 0.50427277664205 -0.335631550655491 -0.207591167475197
"43" 1.08321418591711 0.16042461479747 -0.3388410886589
"44" 0.29486843711703 -0.301123295667459 -0.601340931026307
"45" 0.0608282929420089 -0.00780312826918628 -0.3388410886589
"46" 1.48970496264214 0.0784675092008939 -0.382591062386801
"47" 1.69910930216716 -0.0681925744982422 0.361158490987518
"48" 1.10784999056711 0.449431250322238 -0.207591167475197
"49" 1.35420803706713 0.492566569057278 0.492408412171222
"50" 1.15712159986711 1.65722017490336 0.711158280810728
"51" 0.0608282929420089 0.923919756407679 0.711158280810728
"52" 1.0216246742921 0.233754656647038 1.23615796554554
"53" 1.0093067719671 0.859216778305119 0.229908569803815
"54" 0.947717260342091 0.535701887792318 0.754908254538628
"55" 0.910763553367089 0.341592953484638 -0.163841193747295
"56" 0.689041311517068 0.514134228424798 0.0986586486201112
"57" 1.50202286496714 0.57021014278035 -0.0763412462914935
"58" 0.356457948742035 0.406295931587198 0.492408412171222
"59" 0.886127748717087 0.751378481467519 -0.295091114930999
"60" -0.776789065158072 -1.34068447718192 0.40490846471542
"61" -0.826060674458076 -0.771298269879395 1.27990793927344
"62" -0.444205702383039 0.298457634749598 0.0986586486201112
"63" 0.82453823709208 -0.542681080583683 1.19240799181764
"64" -0.776789065158072 -0.262301508805923 1.14865801808974
"65" -1.02314711165809 -0.909331289831523 2.15490741383146
"66" -0.776789065158072 -0.197598530703363 1.01740809690604
"67" 0.134735706892014 0.104348700441918 0.711158280810728
"68" -0.776789065158072 -0.163090275715331 0.711158280810728
"69" 0.418047460367042 -0.814433588614435 0.273658543531716
"70" -0.973875502358089 -0.952466608566564 1.41115786045715
"71" -0.875332283758081 -0.866195971096483 -0.225091156966357
"72" 1.0585783812671 -0.723849419270851 1.76115765028036
"73" 0.60281599524206 -0.568562271824707 0.0986586486201112
"74" -0.0130791210079987 -0.736790014891363 1.54240778164085
"75" -1.28182306048312 -0.797179461120419 0.142408622348012
"76" -1.65136013023315 -0.542681080583683 1.19240799181764
"77" 0.0361924882920049 -0.197598530703363 1.01740809690604
"78" -1.42963788838313 -1.03873724603664 0.0111587011643089
"79" -0.826060674458076 -0.715222355523843 0.448658438443321
"80" -0.370298288433034 -1.07324550102468 1.01740809690604
"81" -1.23255145118311 -1.1034402241392 1.84865759773616
"82" -0.34566248378303 -0.499545761848643 0.886158175722332
"83" -1.1340082325831 -1.23284618034432 1.54240778164085
"84" 0.0608282929420089 -0.111327893233283 -0.513840983570505
"85" -1.42963788838313 -0.866195971096483 -0.73259085221001
"86" -0.407251995408036 -1.05167784165716 1.19240799181764
"87" -1.0354650139831 -1.12500788350672 1.62990772909665
"88" -1.66367803255815 -1.06030490540416 1.76115765028036
"89" -1.67599593488316 -0.974034267934084 0.186158596075914
"90" -1.1340082325831 -1.43126864652551 0.492408412171222
"91" -1.1340082325831 -1.14657554287424 0.536158385899123
"92" -1.23255145118311 -0.628951718053763 0.40490846471542
"93" -0.382616190758034 -0.866195971096483 0.0111587011643089
"94" -0.875332283758081 -1.25441383971184 0.84240820199443
"95" -1.70063173953316 -0.779925333626403 0.886158175722332
"96" -0.653610041908059 -1.06030490540416 0.886158175722332
"97" -1.46659159535814 -1.1034402241392 -0.0325912725635923
"98" -0.875332283758081 -0.930898949199044 1.19240799181764
"99" -0.776789065158072 -0.240733849438403 0.361158490987518
"100" -0.875332283758081 -1.18971086160928 2.02365749264776
"101" -1.1340082325831 -0.758357674258883 1.36740788672924
"102" -0.493477311683045 -1.12500788350672 0.361158490987518
"103" -0.813742772133075 -0.974034267934084 -0.688840878482109
"104" -1.45427369303313 -1.29323562657338 -0.0763412462914935
"105" -0.604338432608055 -0.913644821705028 0.361158490987518
"106" -0.715199553533065 -1.01716958666912 -0.426341036114702
"107" -0.924603893058085 -0.715222355523843 0.186158596075914
"108" -0.34566248378303 -0.758357674258883 -0.3388410886589
"109" -0.961557600033088 -1.01716958666912 -0.426341036114702
"110" -1.71294964185816 -1.03873724603664 0.0111587011643089
"111" -1.89771817673318 -0.930898949199044 -0.907590747121615
"112" -0.592020530283054 -1.3191168178144 -0.251341141203098
"113" -1.52818110698314 -0.542681080583683 1.19240799181764
"114" -1.95930768835818 -0.853255375475971 0.623658333354925
"115" -1.1340082325831 -0.930898949199044 -0.120091220019394
"116" -2.42738797670823 -1.36225213654944 3.2924067307569
"117" -1.45427369303313 -1.34068447718192 -0.0325912725635923
"118" -0.715199553533065 -1.29323562657338 0.448658438443321
"119" -0.284072972158025 -0.715222355523843 -1.12634061576112
"120" -1.23255145118311 -1.62969111270669 -0.120091220019394
"121" -1.91003607905818 -0.779925333626403 -0.688840878482109
"122" -1.77453915348316 0.406295931587198 -0.120091220019394
"123" -0.715199553533065 -1.28460856282637 -0.163841193747295
"124" 0.0608282929420089 -1.06030490540416 -0.995090694577417
"125" -1.39268418140813 -0.974034267934084 -0.907590747121615
"126" -1.14632613490811 -0.9912883954281 -0.426341036114702
"127" -0.702881651208064 -0.482291634354627 -1.17009058948902
"128" -1.49122740000814 -0.887763630464004 0.05490867489221
"129" -0.776789065158072 -1.26735443533236 -0.295091114930999
"130" -1.18327984188311 -1.06030490540416 -0.73259085221001
"131" -0.173211851233015 -0.413275124378563 -0.863840773393714
"132" -0.148576046583011 0.147484019176958 -0.951340720849516
"133" -0.234801362858019 0.276889975382078 -1.30134051067273
"134" -0.370298288433034 -0.0250572557632023 -0.776340825937912
"135" -0.604338432608055 0.169051678544478 -0.907590747121615
"136" -0.493477311683045 0.880784437672639 -0.995090694577417
"137" -0.924603893058085 -0.521113421216163 -0.907590747121615
"138" -0.579702627958053 -0.0250572557632023 -0.601340931026307
"139" 0.60281599524206 0.276889975382078 -0.645090904754208
"140" -0.197847655883017 -0.0595655107512344 -0.295091114930999
"141" -0.0869865349580063 -0.197598530703363 -0.820090799665813
"142" 0.442683265017043 0.233754656647038 -1.12634061576112
"143" 0.639769702217062 -0.305436827540963 -0.295091114930999
"144" 0.762948725467073 -0.283869168173443 -0.207591167475197
"145" -0.924603893058085 1.35958647563158 -1.34509048440063
"146" 0.196325218517021 -0.456410443113603 -1.56384035304013
"147" 1.08321418591711 -0.0681925744982422 -1.65134030049593
"148" -0.160893948908014 1.11802869071536 -1.82634019540754
"149" 0.39341165571704 1.45017064497517 -1.78259022167964
"150" 0.0977819999170116 1.87289676857856 -1.69509027422384
"151" 0.61513389756706 1.52781421869824 -1.60759032676803
"152" -0.259437167508023 2.47679123086912 -2.08884003777495
"153" 0.134735706892014 0.880784437672639 -1.52009037931223
"154" 0.28255053479203 2.35601233841101 -1.73884024795174
"155" -0.518113116333047 1.09646103134784 -1.65134030049593
"156" 0.208643120842022 1.22586698755296 -1.56384035304013
"157" 1.0339425766171 1.7046690255119 -1.69509027422384
"158" -0.678245846558063 1.0533257126128 -1.25759053694482
"159" 1.64983769286716 3.42576824304 -1.69509027422384
"160" 0.590498092917059 2.886576758852 -1.69509027422384
"161" -0.789106967483073 1.11802869071536 -1.73884024795174
"162" 0.849174041742082 0.35453354910515 0.0111587011643089
"163" -0.185529753558016 0.22512759290003 -0.382591062386801
"164" -0.0500328279830014 0.09572163669491 -1.21384056321692
"165" 0.960035162667092 1.95054034230163 -1.12634061576112
"166" 0.898445651042088 0.673734907744447 -0.776340825937912
"167" 0.553544385942054 2.42502884838707 -0.470091009842604
"168" -0.222483460533018 2.2438605096999 -1.03884066830532
"169" 0.71367711616707 1.55369540993926 -0.951340720849516
"170" 0.491954874317049 1.4846788999632 -1.25759053694482
"171" -0.986193404683092 0.190619337911998 -1.30134051067273
"172" -0.284072972158025 2.08857293090057 -1.69509027422384
"173" 1.42811545101714 2.00230272478368 -1.47634040558433
"174" 0.873809846392086 1.13959635008288 -1.38884045812853
"175" 0.491954874317049 0.967055075142719 -1.12634061576112
"176" 0.331822144092033 2.21797931845888 -1.60759032676803
"177" 0.208643120842022 1.82976144984352 -1.56384035304013
"178" 1.39116174404213 1.78662613110848 -1.52009037931223
